-4 -4 0 0 0 0 0 
-4.28175 -2.83169 -0.552911 -0.0866479 -1.20463 1.3662 0.456656 
-4.26726 -2.12438 -0.266894 -0.940242 0.196864 0.59622 3.1355 
-4.28951 -0.441991 2.28866 -0.742138 0.0814535 0.480972 2.89051 
-4.10706 0.582907 0.791539 0.253157 -1.38662 0.0883367 1.00003 
-4.0491 1.75782 1.81536 0.958554 -2.32983 0.905651 -1.24529 
-4.18916 1.99975 1.36082 0.8 -2.29455 1.55057 2.95549 
-4.05968 2.22203 0.700296 -0.139025 -2.34257 0.376044 -3.00643 
-2.55835 3.99272 1.21464 -0.255579 -2.04491 -0.424562 -2.50302 
-3.71794 2.7768 2.25394 -0.909298 -0.980908 -1.85453 1.30242 
-3.8156 2.80607 -3.12343 -1.11529 -2.22949 0.860538 2.58016 
-4.19193 1.99363 2.78953 -1.77398 -0.51037 -1.92161 1.38691 
-2.9573 3.49609 0.501366 -1.86566 -0.0414741 -2.09435 1.0431 
-2.73121 3.92849 1.13335 -2.57092 1.42916 -1.03161 2.48957 
-0.193143 4.11954 -1.48211 -1.11475 -1.21045 -0.0349267 2.61054 
2.39708 3.77573 -1.64821 -1.10845 -1.47285 1.78135 0.231134 
2.39279 4.24572 0.661365 -1.85761 0.182806 -0.633214 2.64099 
2.8255 4.38322 0.219869 -2.36566 1.81921 -1.07077 -2.83079 
3.29918 2.92848 -0.675073 -1.57868 -0.37353 1.33382 -2.38509 
4.24031 3.95639 -0.33704 -1.31158 -0.970426 1.63754 -0.0034447 
3 3 0 0 -1.57079 0 0 

