-4 -4 0 0 0 0 0 
-3.87057 -3.93128 0.626403 0.382647 -0.564832 -0.313006 0.0508684 
-3.50807 -3.41078 -1.59574 1.80351 -0.497964 -1.30647 3.07204 
-3.33567 -3.12323 -1.34155 1.22861 -0.562778 1.80452 -0.75175 
-2.93646 3.24405 -2.64113 -1.56509 -1.20289 2.73152 0.500625 
-4.04296 2.0214 -2.75626 2.3071 1.11827 1.22679 1.3059 
-3.36443 3.11748 -2.952 1.50641 1.91364 -0.178392 2.15971 
0.809703 4.27512 0.822195 -1.73678 0.653933 0.591209 1.67925 
2.46613 3.4915 0.701612 -1.59761 0.608766 -0.540653 2.54639 
1.80858 4.27513 -0.243222 -0.801185 -0.150555 -2.0903 2.21837 
3 3 0 0 -1.57079 0 0 

